2353023
21318488
10485647
25805741
21349345
25813403
24404677
11525673
4746257
4826419
21937452
21937445
1453238
5908516
2043134
10810745
24879820
1830590
2181930
1299398
1292213
1436846
10485526
3804629
1773217
3649049
6008287
3004532
3430169
10617158
6536180
1292270
20451118
24703888
10606004
6722879
5360889
10569150
10174444
10569151
10777687
5960606
1292523
3072086
4016477
2133323
20470240
3071441
23748525
10487676
11528256
4202982
1307106
1291554
25774760
2034982
1295078
21360417
4853184
3793783
1291565
1291936
6395245
1427818
10482125
1292220
3592853
24695966
4830478
4915857
3148748
3789848
5323968
10453723
1907966
2132473
11529526
5912992
2049556
7051375
3793023
6129631
1296026
20470074
4845728
2567647
3213173
6860160
1929463
10574468
6307447
6549903
6534248
10574622
6786002
1433577
1981242
3077673
3269068
1432180
1297630
3418187
6880590
1849959
2336783
1820156
7051373
3147969
3289081
3124124
5996800
1298909
2209573
3036473
1303847
2032339
3395373
6082517
3148877
10774980
1291828
3011997
1296384
6799191
5977478
1865703
3078609
3178770
5308201
1300282
3263820
2297265
4924142
2131654
1437128
4822829
3143676
3771562
6017331
3642835
1925032
1295644
3054147
1307332
1866479
3754940
3646523
6522269
2156528
4067152
2042617
1304868
7054120
2052059
4824214
5349275
6126502
1306029
1301106
6874729
1304854
3819877
3227410
1828403
1870117
1985677
6080775
1306795
6386345
1292062
5194471
4873490
1300299
3259956
3770416
1291569
1417598
3015835
2043465
3012257
1322851
1298624
1308599
1292208
5416070
1431615
1308047
3075287
3217894
1307542
5298995
2334904
2161696
2132495
3319755
3011091
4817024
1295428
3652302
4191644
4920528
1309163
4724373
1304447
3321409
3412882
1306160
1307914
2131459
1316563
1305065
1945549
3742360
3136371
3244128
3233761
5150481
1292272
3006772
1301061
1422063
1947294
3268171
3346464
3168089
2129039
1844413
1300613
1309046
3168086
2998253
1760622
1308777
4798888
1777612
1308817
1484091
1309172
4202302
1292274
3011235
1291833
1308269
3233635
4739952
1851857
1293839
4294292
3926132
2993846
1301459
2124724
1765009
4724739
2303163
3077791
1824414
3114109
1291560
1307793
4196129
4822848
1299362
3610047
3072124
1291835
1304073
1978369
3824672
1862151
4122194
1401539
1428068
1470614
2993424
2148391
1860528
1782006
2249531
2279152
1293135
2286642
1299643
1800597
1817169
2326676
1764796
1308807
1919245
1310179
3312633
1419901
4181031
1766522
1460922
1460923
1460930
1460919
1463762
1463764
1459767
2567646
1308892
1457573
1968790
2043155
1305324
3126187
2000830
4848115
1308751
1304899
1853176
2051007
1783457
1945336
1309103
2132486
1305487
4237879
5681006
1309060
1297131
4016485
1308776
1652587
1499008
1291847
1418190
1292493
1291578
2072478
1291581
1291575
1309011
1305071
1292267
1308779
1428054
1422950
3986493
1292444
3102668
1302425
1304970
1369747
3823425
3405642
1299243
3448242
1434184
4204586
4158027
3727658
3727661
1455849
1438790
1296909
1295120
1302987
1300055
1292849
1438652
1307847
1296736
1306610
1291544
1578685
1971111
1308979
1315574
1309101
1302325
4934992
1436870
1297018
1291572
1291571
1291552
1433330
1457217
1309055
1296996
1295038
2224505
1467584
1291561
1293353
1293088
1295318
2147854
1295340
1291577
3287562
1294638
1835843
1292286
2124703
1291543
2216379
2216383
1923304
1433342
1460932
4603382
4914616
2075994
1307956
1418919
2295401
1306808
4122701
1793571
1307696
2357708
1453067
1456197
1309184
1949321
2255841
1437109
1820145
1305903
3011051
1300300
1301630
3314870
1482055
1294621
1305053
2158486
3150816
1793903
1796939
1916936
1768351
1945330
1301746
1293544
1292223
1292000
1482072
3734112
1418752
2028645
1303246
1419297
1308857
1292718
1297192
3011308
4268598
1388216
1978709
1292720
1292343
1849031
1292064
1291545
1291549
1292052
1295124
1291841
3205624
4226741
1915312
1381964
2043546
1937946
5344178
1291548
1418192
1298070
1865012
1301445
3541415
1295250
1292344
1471507
1432146
1309199
1297689
2081493
3041294
1298854
1301578
1302467
1293530
2153526
1291580
2998270
1291843
1308978
1307311
1295229
1306894
1309021
1308570
1308769
1756809
1298120
1305333
1304643
1297611
1474185
1306421
1306612
1418189
1309044
1293470
1308752
1305724
1306609
1482911
1306809
1401524
1949328
1395776
1792928
1410556
1309078
1304141
1291844
1308843
1293531
